%YAML:1.0
---
cameraMatrix: !!opencv-matrix
   rows: 3
   cols: 3
   dt: d
   data: [ 1.1012718012767853e+03, 0., 9.1591299512254193e+02, 0.,
       1.1002762533493046e+03, 4.9718830200632829e+02, 0., 0., 1. ]
distortionCoefficients: !!opencv-matrix
   rows: 1
   cols: 5
   dt: d
   data: [ 1.2247197329655518e-01, -1.5298149285124313e-01,
       -1.4975094049162599e-02, -1.1309496584175609e-02,
       8.2575565672036486e-02 ]
rotation: !!opencv-matrix
   rows: 3
   cols: 3
   dt: d
   data: [ 1., 0., 0., 0., 1., 0., 0., 0., 1. ]
projection: !!opencv-matrix
   rows: 4
   cols: 4
   dt: d
   data: [ 1.1012718012767853e+03, 0., 9.1591299512254193e+02, 0., 0.,
       1.1002762533493046e+03, 4.9718830200632829e+02, 0., 0., 0., 1.,
       0., 0., 0., 0., 1. ]
