%YAML:1.0
---
rotation: !!opencv-matrix
   rows: 3
   cols: 3
   dt: d
   data: [ 9.9992102467094124e-01, -4.6832463890450146e-04,
       1.2558865117817895e-02, 3.6171882209024161e-04,
       9.9996389880490899e-01, 8.4894196727100715e-03,
       -1.2562387532180886e-02, -8.4842064401006948e-03,
       9.9988509572879081e-01 ]
translation: !!opencv-matrix
   rows: 3
   cols: 1
   dt: d
   data: [ -5.5860311010163470e-02, 6.6719110335986356e-05,
       -6.0854004289791911e-03 ]
essential: !!opencv-matrix
   rows: 3
   cols: 3
   dt: d
   data: [ 1.3630525552748083e-06, 6.0846146800455072e-03,
       1.1837296214333172e-04, -6.7866587070556823e-03,
       -4.7108046745996567e-04, 5.5777466698661869e-02,
       -8.6919567072483954e-05, -5.5858263139974593e-02,
       -4.7505953952087519e-04 ]
fundamental: !!opencv-matrix
   rows: 3
   cols: 3
   dt: d
   data: [ 1.2903052080784357e-09, 5.7410187578403947e-06,
       -1.0580900901443360e-03, -6.4302615421496645e-06,
       -4.4488090072964025e-07, 2.1984770338708486e-02,
       3.1052557154150522e-03, -6.3078477712753087e-02, 1. ]
