%YAML:1.0
---
cameraMatrix: !!opencv-matrix
   rows: 3
   cols: 3
   dt: d
   data: [ 3.8470005397738436e+02, 0., 2.4395569306220148e+02, 0.,
       3.8596347798028808e+02, 1.9175742763470086e+02, 0., 0., 1. ]
distortionCoefficients: !!opencv-matrix
   rows: 1
   cols: 5
   dt: d
   data: [ 1.7508809812546725e-01, -3.3614630519882016e-01,
       -1.8860836235921396e-02, -6.3541749002370418e-03,
       1.3649353671083489e-01 ]
rotation: !!opencv-matrix
   rows: 3
   cols: 3
   dt: d
   data: [ 1., 0., 0., 0., 1., 0., 0., 0., 1. ]
projection: !!opencv-matrix
   rows: 4
   cols: 4
   dt: d
   data: [ 3.8470005397738436e+02, 0., 2.4395569306220148e+02, 0., 0.,
       3.8596347798028808e+02, 1.9175742763470086e+02, 0., 0., 0., 1.,
       0., 0., 0., 0., 1. ]
