%YAML:1.0
---
depthShift: 3.2278903673965701e+01
